#[ 10  NPTS: 645,NS: 3,D:1.92000,STP/DEG: 2000,CU: 41204,VRSN:3 ]
 [ ST-STP/DLND: 40525- 33936/ 33936,     0,     0,     0,     0 ]
 [ DLT/S:   1,   0,   0,   0,   0/ 1.00, 1.00, 1.00,10.00, 0.00 ]
 [ DUMMY.RAW   4-JUL-91>23:06 BLVI2  3.0  27.0/TYPE: 2/NCOL:10  ]
 [ [Cu(DETU)3]2(SO4) in BN, 200K. Hutch 12x2.75 det. 55% @10139 ]
 [ MS I0 II II                                                  ]
 [ MS    EV    K     RAW   NORMALEXAFS VICTORI0    PREEDGSPLINE ]
 [ PREEDG(14:04  4-Sep-91)  8670- 8946EV( 58 PTS) ORD= 2        ]
 [ SPLINE: E(K=0)= 9000 [ 9034(2) 9237(2) 9653(2)10112]         ]#

EDGE Cu K

   HARTREES    ABSORPTION       EV     
  2.15326e-03 -2.14979e-03  5.85938e-02
  6.31623e-03 -1.25795e-03  1.71875e-01
  8.93603e-03 -7.33183e-04  2.43164e-01
  1.49652e-02  1.35615e-04  4.07227e-01
  2.17479e-02  1.15585e-03  5.91797e-01
  2.86384e-02  2.26805e-03  7.79297e-01
  3.45957e-02  3.28441e-03  9.41406e-01
  3.71796e-02  3.49672e-03  1.01172e+00
  4.15220e-02  4.30458e-03  1.12988e+00
  4.79459e-02  4.95940e-03  1.30469e+00
  5.47287e-02  5.79501e-03  1.48926e+00
  6.14397e-02  6.30441e-03  1.67188e+00
  6.82224e-02  6.55743e-03  1.85645e+00
  7.33185e-02  6.73752e-03  1.99512e+00
  7.54718e-02  6.86530e-03  2.05371e+00
  8.10702e-02  6.88412e-03  2.20605e+00
  8.78171e-02  6.93764e-03  2.38965e+00
  9.44922e-02  6.75874e-03  2.57129e+00
  1.00808e-01  6.67201e-03  2.74316e+00
  1.04361e-01  6.31160e-03  2.83984e+00
  1.07519e-01  6.33489e-03  2.92578e+00
  1.13872e-01  5.82216e-03  3.09863e+00
  1.20618e-01  5.17769e-03  3.28223e+00
  1.27329e-01  4.48632e-03  3.46484e+00
  1.34292e-01  3.63512e-03  3.65430e+00
  1.40105e-01  2.89515e-03  3.81250e+00
  1.42546e-01  2.55762e-03  3.87891e+00
  1.47139e-01  1.93628e-03  4.00391e+00
  1.53671e-01  1.06025e-03  4.18164e+00
  1.60418e-01 -2.38686e-07  4.36523e+00
  1.67057e-01 -1.18656e-03  4.54590e+00
  1.71435e-01 -1.89304e-03  4.66504e+00
  1.73912e-01 -2.11704e-03  4.73242e+00
  1.79833e-01 -3.14082e-03  4.89355e+00
  1.86867e-01 -4.43029e-03  5.08496e+00
  1.93578e-01 -5.55592e-03  5.26758e+00
  2.00325e-01 -6.95086e-03  5.45117e+00
  2.06533e-01 -7.90203e-03  5.62012e+00
  2.09727e-01 -8.60078e-03  5.70703e+00
  2.13316e-01 -9.08135e-03  5.80469e+00
  2.19740e-01 -1.02914e-02  5.97949e+00
  2.26451e-01 -1.13175e-02  6.16211e+00
  2.33198e-01 -1.24377e-02  6.34570e+00
  2.38581e-01 -1.32659e-02  6.49219e+00
  2.40806e-01 -1.34700e-02  6.55273e+00
  2.46189e-01 -1.42542e-02  6.69922e+00
  2.52972e-01 -1.52440e-02  6.88379e+00
  2.59647e-01 -1.59944e-02  7.06543e+00
  2.66394e-01 -1.65458e-02  7.24902e+00
  2.72890e-01 -1.70643e-02  7.42578e+00
  2.76981e-01 -1.72220e-02  7.53711e+00
  2.79708e-01 -1.73970e-02  7.61133e+00
  2.85845e-01 -1.76032e-02  7.77832e+00
  2.92592e-01 -1.77832e-02  7.96191e+00
  2.99662e-01 -1.77440e-02  8.15430e+00
  3.05476e-01 -1.76497e-02  8.31250e+00
  3.08024e-01 -1.74063e-02  8.38184e+00
  3.12510e-01 -1.71324e-02  8.50391e+00
  3.19077e-01 -1.66122e-02  8.68262e+00
  3.25824e-01 -1.59058e-02  8.86621e+00
  3.32571e-01 -1.49409e-02  9.04980e+00
  3.39354e-01 -1.39924e-02  9.23438e+00
  3.44163e-01 -1.30802e-02  9.36523e+00
  3.46388e-01 -1.24708e-02  9.42578e+00
  3.52417e-01 -1.14495e-02  9.58984e+00
  3.59128e-01 -9.94874e-03  9.77246e+00
  3.65946e-01 -8.49472e-03  9.95801e+00
  3.72119e-01 -6.78566e-03  1.01260e+01
  3.75313e-01 -5.72081e-03  1.02129e+01
  3.78938e-01 -4.92916e-03  1.03115e+01
  3.85433e-01 -3.15632e-03  1.04883e+01
  3.92180e-01 -1.33970e-03  1.06719e+01
  3.98999e-01  7.57836e-04  1.08574e+01
  4.04239e-01  2.12063e-03  1.10000e+01
  4.06392e-01  3.06557e-03  1.10586e+01
  4.12026e-01  4.51933e-03  1.12119e+01
  4.18809e-01  6.47295e-03  1.13965e+01
  4.25556e-01  8.13938e-03  1.15801e+01
  4.32339e-01  9.84292e-03  1.17646e+01
  4.38763e-01  1.14039e-02  1.19395e+01
  4.42710e-01  1.25801e-02  1.20469e+01
  4.45617e-01  1.33123e-02  1.21260e+01
  4.51897e-01  1.47277e-02  1.22969e+01
  4.58680e-01  1.59758e-02  1.24814e+01
  4.65535e-01  1.72260e-02  1.26680e+01
  4.71420e-01  1.81617e-02  1.28281e+01
  4.73861e-01  1.84595e-02  1.28945e+01
  4.78598e-01  1.89974e-02  1.30234e+01
  4.85309e-01  1.97601e-02  1.32061e+01
  4.92056e-01  2.01822e-02  1.33896e+01
  4.98839e-01  2.04558e-02  1.35742e+01
  5.05514e-01  2.06351e-02  1.37559e+01
  5.10071e-01  2.05466e-02  1.38799e+01
  5.12476e-01  2.06522e-02  1.39453e+01
  5.18433e-01  2.05055e-02  1.41074e+01
  5.25539e-01  1.99049e-02  1.43008e+01
  5.32250e-01  1.93106e-02  1.44834e+01
  5.38387e-01  1.83625e-02  1.46504e+01
  5.41186e-01  1.79363e-02  1.47266e+01
  5.45313e-01  1.73839e-02  1.48389e+01
  5.51845e-01  1.63098e-02  1.50166e+01
  5.58663e-01  1.48563e-02  1.52021e+01
  5.65482e-01  1.35882e-02  1.53877e+01
  5.72265e-01  1.19323e-02  1.55723e+01
  5.77468e-01  1.05620e-02  1.57139e+01
  5.79622e-01  9.95496e-03  1.57725e+01
  5.85364e-01  8.39900e-03  1.59287e+01
  5.92182e-01  6.59080e-03  1.61143e+01
  5.99001e-01  4.43946e-03  1.62998e+01
  6.05281e-01  2.50628e-03  1.64707e+01
  6.08691e-01  1.31216e-03  1.65635e+01
  6.12136e-01  8.67969e-05  1.66572e+01
  6.18596e-01 -1.94943e-03  1.68330e+01
  6.25414e-01 -4.37479e-03  1.70186e+01
  6.32197e-01 -6.78751e-03  1.72031e+01
  6.37652e-01 -8.68459e-03  1.73516e+01
  6.39913e-01 -9.32655e-03  1.74131e+01
  6.45332e-01 -1.13241e-02  1.75605e+01
  6.52151e-01 -1.36648e-02  1.77461e+01
  6.58933e-01 -1.63566e-02  1.79307e+01
  6.65716e-01 -1.87398e-02  1.81152e+01
  6.72248e-01 -2.11636e-02  1.82930e+01
  6.76267e-01 -2.27516e-02  1.84023e+01
  6.79138e-01 -2.37847e-02  1.84805e+01
  6.85454e-01 -2.59399e-02  1.86523e+01
  6.92273e-01 -2.83711e-02  1.88379e+01
  6.99163e-01 -3.08332e-02  1.90254e+01
  7.05049e-01 -3.32165e-02  1.91855e+01
  7.07453e-01 -3.37583e-02  1.92510e+01
  7.12262e-01 -3.55769e-02  1.93818e+01
  7.38460e-01 -4.47660e-02  2.00947e+01
  7.68211e-01 -5.41629e-02  2.09043e+01
  7.95378e-01 -6.12097e-02  2.16436e+01
  8.25093e-01 -6.75552e-02  2.24521e+01
  8.59043e-01 -7.29839e-02  2.33760e+01
  8.92060e-01 -7.66640e-02  2.42744e+01
  9.19514e-01 -7.84695e-02  2.50215e+01
  9.55724e-01 -7.96993e-02  2.60068e+01
  9.90894e-01 -8.01650e-02  2.69639e+01
  1.02499e+00 -8.02609e-02  2.78916e+01
  1.05912e+00 -8.02154e-02  2.88203e+01
  1.09809e+00 -7.99104e-02  2.98809e+01
  1.13491e+00 -7.94813e-02  3.08828e+01
  1.16915e+00 -7.84739e-02  3.18145e+01
  1.20604e+00 -7.69007e-02  3.28184e+01
  1.24527e+00 -7.46049e-02  3.38857e+01
  1.28083e+00 -7.17494e-02  3.48535e+01
  1.32207e+00 -6.68765e-02  3.59756e+01
  1.36441e+00 -6.03862e-02  3.71279e+01
  1.40841e+00 -5.18375e-02  3.83252e+01
  1.44975e+00 -4.29264e-02  3.94502e+01
  1.49120e+00 -3.34705e-02  4.05781e+01
  1.53273e+00 -2.32795e-02  4.17080e+01
  1.57436e+00 -1.35793e-02  4.28408e+01
  1.61599e+00 -4.50012e-03  4.39736e+01
  1.66110e+00  4.45257e-03  4.52012e+01
  1.70710e+00  1.25838e-02  4.64531e+01
  1.75121e+00  1.90100e-02  4.76533e+01
  1.79862e+00  2.56430e-02  4.89434e+01
  1.84165e+00  3.06623e-02  5.01143e+01
  1.89078e+00  3.59793e-02  5.14512e+01
  1.94124e+00  4.11943e-02  5.28242e+01
  1.99291e+00  4.61751e-02  5.42305e+01
  2.04233e+00  5.05460e-02  5.55752e+01
  2.09182e+00  5.41153e-02  5.69219e+01
  2.14142e+00  5.69809e-02  5.82715e+01
  2.19112e+00  5.84488e-02  5.96240e+01
  2.24563e+00  5.78417e-02  6.11074e+01
  2.29828e+00  5.51175e-02  6.25400e+01
  2.35204e+00  5.00699e-02  6.40029e+01
  2.40932e+00  4.28514e-02  6.55615e+01
  2.46380e+00  3.37842e-02  6.70439e+01
  2.51644e+00  2.40020e-02  6.84766e+01
  2.57404e+00  1.32401e-02  7.00439e+01
  2.63179e+00  2.55139e-03  7.16152e+01
  2.68953e+00 -7.38516e-03  7.31865e+01
  2.74742e+00 -1.58066e-02  7.47617e+01
  2.80570e+00 -2.29444e-02  7.63477e+01
  2.87169e+00 -2.94900e-02  7.81436e+01
  2.93206e+00 -3.36376e-02  7.97861e+01
  2.99038e+00 -3.68435e-02  8.13730e+01
  3.05551e+00 -3.93545e-02  8.31455e+01
  3.11473e+00 -4.07362e-02  8.47568e+01
  3.17940e+00 -4.14520e-02  8.65166e+01
  3.24536e+00 -4.13077e-02  8.83115e+01
  3.31143e+00 -4.01884e-02  9.01094e+01
  3.37760e+00 -3.82477e-02  9.19102e+01
  3.44392e+00 -3.57528e-02  9.37148e+01
  3.51017e+00 -3.26829e-02  9.55176e+01
  3.57664e+00 -2.91547e-02  9.73262e+01
  3.64719e+00 -2.51595e-02  9.92461e+01
  3.71757e+00 -2.09424e-02  1.01161e+02
  3.78428e+00 -1.67128e-02  1.02977e+02
  3.85426e+00 -1.21427e-02  1.04881e+02
  3.92859e+00 -7.57131e-03  1.06903e+02
  4.00040e+00 -3.05475e-03  1.08857e+02
  4.06984e+00  1.15542e-03  1.10747e+02
  4.14441e+00  5.31223e-03  1.12776e+02
  4.21917e+00  9.30136e-03  1.14811e+02
  4.29410e+00  1.31333e-02  1.16850e+02
  4.36911e+00  1.66117e-02  1.18891e+02
  4.44537e+00  1.97617e-02  1.20966e+02
  4.52723e+00  2.27831e-02  1.23193e+02
  4.60266e+00  2.49168e-02  1.25246e+02
  4.67893e+00  2.65053e-02  1.27321e+02
  4.76208e+00  2.72207e-02  1.29584e+02
  4.84519e+00  2.70586e-02  1.31846e+02
  4.92131e+00  2.62718e-02  1.33917e+02
  5.00511e+00  2.39700e-02  1.36197e+02
  5.08998e+00  2.12895e-02  1.38507e+02
  5.17374e+00  1.77564e-02  1.40786e+02
  5.25754e+00  1.37132e-02  1.43066e+02
  5.34152e+00  9.54819e-03  1.45352e+02
  5.42571e+00  5.33185e-03  1.47643e+02
  5.51019e+00  1.30346e-03  1.49941e+02
  5.60181e+00 -2.68405e-03  1.52435e+02
  5.68740e+00 -6.21611e-03  1.54764e+02
  5.77917e+00 -9.01073e-03  1.57261e+02
  5.86516e+00 -1.15953e-02  1.59601e+02
  5.95717e+00 -1.35366e-02  1.62104e+02
  6.05048e+00 -1.48739e-02  1.64644e+02
  6.14397e+00 -1.57146e-02  1.67187e+02
  6.23767e+00 -1.59152e-02  1.69737e+02
  6.33162e+00 -1.55884e-02  1.72294e+02
  6.42569e+00 -1.49620e-02  1.74854e+02
  6.52000e+00 -1.41180e-02  1.77420e+02
  6.61467e+00 -1.27777e-02  1.79996e+02
  6.71648e+00 -1.11992e-02  1.82767e+02
  6.81255e+00 -9.38342e-03  1.85381e+02
  6.91501e+00 -7.29683e-03  1.88169e+02
  7.01141e+00 -5.34349e-03  1.90792e+02
  7.11476e+00 -2.97319e-03  1.93604e+02
  7.21895e+00 -6.07776e-04  1.96439e+02
  7.31609e+00  1.49544e-03  1.99083e+02
  7.42275e+00  3.67834e-03  2.01985e+02
  7.52790e+00  5.73106e-03  2.04847e+02
  7.63392e+00  7.47269e-03  2.07731e+02
  7.74682e+00  9.20189e-03  2.10804e+02
  7.85272e+00  1.02628e-02  2.13686e+02
  7.96031e+00  1.10013e-02  2.16613e+02
  8.07318e+00  1.11823e-02  2.19685e+02
  8.18196e+00  1.12571e-02  2.22645e+02
  8.29482e+00  1.09547e-02  2.25716e+02
  8.40468e+00  9.95446e-03  2.28705e+02
  8.52041e+00  8.75049e-03  2.31854e+02
  8.63637e+00  7.28229e-03  2.35010e+02
  8.75282e+00  5.67228e-03  2.38179e+02
  8.86949e+00  3.97088e-03  2.41354e+02
  8.98641e+00  2.03221e-03  2.44535e+02
  9.10377e+00  1.51742e-04  2.47729e+02
  9.22148e+00 -1.64688e-03  2.50932e+02
  9.33958e+00 -3.28436e-03  2.54146e+02
  9.46533e+00 -4.92819e-03  2.57567e+02
  9.58588e+00 -6.59732e-03  2.60848e+02
  9.71196e+00 -7.35117e-03  2.64278e+02
  9.84646e+00 -8.07207e-03  2.67938e+02
  9.96816e+00 -8.35782e-03  2.71250e+02
  1.00969e+01 -8.53922e-03  2.74752e+02
  1.02260e+01 -8.06253e-03  2.78266e+02
  1.03554e+01 -7.39652e-03  2.81788e+02
  1.04853e+01 -6.42578e-03  2.85323e+02
  1.06156e+01 -5.20574e-03  2.88868e+02
  1.07510e+01 -4.04401e-03  2.92553e+02
  1.08852e+01 -2.62094e-03  2.96205e+02
  1.10165e+01 -1.17945e-03  2.99778e+02
  1.11552e+01  1.77273e-04  3.03552e+02
  1.12938e+01  1.35643e-03  3.07323e+02
  1.14407e+01  2.59501e-03  3.11319e+02
  1.15804e+01  3.60593e-03  3.15121e+02
  1.17161e+01  4.34652e-03  3.18815e+02
  1.18584e+01  4.74643e-03  3.22687e+02
  1.20010e+01  4.98534e-03  3.26566e+02
  1.21439e+01  5.12209e-03  3.30455e+02
  1.22871e+01  5.05003e-03  3.34354e+02
  1.24375e+01  4.78727e-03  3.38445e+02
  1.25892e+01  4.17181e-03  3.42574e+02
  1.27424e+01  3.55978e-03  3.46741e+02
  1.28944e+01  2.77955e-03  3.50878e+02
  1.30433e+01  2.01990e-03  3.54931e+02
  1.31988e+01  8.54529e-04  3.59160e+02
  1.33499e+01  6.19040e-05  3.63271e+02
  1.35052e+01 -1.22952e-03  3.67500e+02
  1.36666e+01 -1.81542e-03  3.71891e+02
  1.38378e+01 -2.36920e-03  3.76550e+02
  1.39964e+01 -2.86060e-03  3.80864e+02
  1.41554e+01 -3.24954e-03  3.85192e+02
  1.43151e+01 -3.22150e-03  3.89536e+02
  1.44811e+01 -2.81482e-03  3.94054e+02
  1.46472e+01 -3.16327e-03  3.98575e+02
  1.48272e+01 -2.92832e-03  4.03473e+02
  1.49988e+01 -2.44287e-03  4.08143e+02
  1.51671e+01 -1.73703e-03  4.12721e+02
  1.53354e+01 -1.20562e-03  4.17302e+02
  1.55086e+01 -4.62851e-04  4.22014e+02
  1.56937e+01  1.32714e-04  4.27052e+02
  1.58723e+01  7.40658e-04  4.31910e+02
  1.60472e+01  1.22421e-03  4.36672e+02
  1.62279e+01  1.81024e-03  4.41589e+02
  1.64068e+01  2.19410e-03  4.46456e+02
  1.66068e+01  2.48523e-03  4.51897e+02
  1.67884e+01  2.48850e-03  4.56839e+02
  1.69715e+01  2.60558e-03  4.61821e+02
  1.71553e+01  2.43307e-03  4.66823e+02
  1.73474e+01  2.21430e-03  4.72052e+02
  1.75537e+01  1.76179e-03  4.77665e+02
  1.77406e+01  1.23381e-03  4.82751e+02
  1.79270e+01  7.49331e-04  4.87822e+02
  1.81264e+01  1.91926e-04  4.93249e+02
  1.83429e+01 -3.65614e-04  4.99141e+02
  1.85368e+01 -1.11684e-03  5.04418e+02
  1.87314e+01 -1.44645e-03  5.09713e+02
  1.89504e+01 -1.83270e-03  5.15673e+02
  1.91652e+01 -2.01519e-03  5.21518e+02
  1.93671e+01 -1.93575e-03  5.27010e+02
  1.95686e+01 -1.84865e-03  5.32495e+02
  1.98111e+01 -1.75107e-03  5.39092e+02
  2.00149e+01 -1.38063e-03  5.44640e+02
  2.02256e+01 -9.06731e-04  5.50372e+02
  2.04635e+01 -5.72002e-04  5.56845e+02
  2.06806e+01 -2.30800e-04  5.62752e+02
  2.08937e+01  1.77530e-04  5.68551e+02
  2.11322e+01  4.07461e-04  5.75043e+02
  2.13674e+01  7.44287e-04  5.81442e+02
  2.15885e+01  9.55082e-04  5.87460e+02
  2.18337e+01  1.10686e-03  5.94132e+02
  2.20704e+01  1.10156e-03  6.00573e+02
  2.22942e+01  1.04585e-03  6.06663e+02
  2.25625e+01  8.19694e-04  6.13962e+02
  2.27935e+01  8.12678e-04  6.20249e+02
  2.30378e+01  6.22869e-04  6.26897e+02
  2.33009e+01  1.81275e-04  6.34055e+02
  2.35357e+01 -1.90878e-04  6.40444e+02
  2.38077e+01 -4.99930e-04  6.47848e+02
  2.40592e+01 -8.73476e-04  6.54689e+02
  2.53857e+01 -1.29336e-03  6.90786e+02
  2.56751e+01 -9.71407e-04  6.98662e+02
  2.59455e+01 -6.08890e-04  7.06020e+02
  2.62362e+01 -4.16134e-04  7.13930e+02
  2.65161e+01 -1.54717e-04  7.21548e+02
  2.68152e+01  3.55883e-05  7.29685e+02
  2.70938e+01  1.46564e-04  7.37268e+02
  2.74014e+01  4.14432e-04  7.45638e+02
  2.76867e+01  5.16058e-04  7.53400e+02
  2.80123e+01  4.68531e-04  7.62260e+02
  2.82941e+01  4.60085e-04  7.69929e+02
  2.86276e+01  5.47071e-04  7.79004e+02
  2.89171e+01  5.27577e-04  7.86881e+02
  2.92566e+01  3.98563e-04  7.96119e+02
  2.95647e+01  2.92973e-04  8.04504e+02
  2.98883e+01  9.47986e-05  8.13310e+02
  3.02316e+01 -6.27088e-05  8.22652e+02
  3.05470e+01 -4.05233e-04  8.31235e+02
  3.09057e+01 -4.15252e-04  8.40994e+02
  3.12495e+01 -6.32527e-04  8.50352e+02
  3.15946e+01 -5.00101e-04  8.59741e+02
  3.23216e+01 -4.03576e-04  8.79524e+02
  3.26737e+01 -6.62658e-05  8.89106e+02
  3.30397e+01 -1.15687e-04  8.99063e+02
  3.34234e+01  4.01819e-05  9.09505e+02
  3.37916e+01  8.23601e-05  9.19525e+02
  3.41665e+01  3.66202e-05  9.29726e+02
  3.45576e+01  4.58221e-04  9.40370e+02
  3.49647e+01  2.32902e-04  9.51447e+02
  3.53637e+01  2.94833e-05  9.62304e+02
  3.57737e+01  5.00445e-04  9.73462e+02
  3.61863e+01 -4.97617e-05  9.84689e+02
  3.66007e+01  3.69075e-05  9.95967e+02
  3.70219e+01  4.86570e-05  1.00743e+03
  3.74653e+01  8.14600e-06  1.01949e+03
  3.79018e+01 -3.68086e-04  1.03137e+03
  3.83487e+01 -3.30056e-05  1.04353e+03
  3.88027e+01 -1.56837e-04  1.05589e+03
  3.92629e+01 -2.00002e-04  1.06841e+03
  3.97322e+01  2.11383e-04  1.08118e+03
  4.02054e+01  1.22763e-04  1.09405e+03
  4.06923e+01 -7.15068e-05  1.10730e+03
  4.11843e+01 -4.90506e-04  1.12069e+03
  4.16823e+01 -5.87538e-04  1.13425e+03

